402.000
404.000
401.000
400.000
400.000
406.000
404.000
401.000
400.000
401.000
400.000
400.000
398.000
397.000
402.000
408.000
409.000
414.000
413.000
412.000
410.000
412.000
416.000
416.000
415.000
415.000
413.000
414.000
410.000
411.000
413.000
413.000
410.000
408.000
409.000
412.000
413.000
411.000
410.000
409.000
407.000
410.000
406.000
406.000
408.000
395.000
408.000
412.000
411.000
415.000
409.000
408.000
406.000
407.000
407.000
411.000
409.000
410.000
410.000
409.000
413.000
416.000
415.000
412.000
413.000
412.000
412.000
410.000
408.000
409.000
407.000
409.000
409.000
410.000
412.000
413.000
417.000
421.000
420.000
419.000
419.000
416.000
417.000
418.000
416.000
417.000
419.000
419.000
418.000
416.000
413.000
418.000
418.000
420.000
420.000
422.000
423.000
423.000
421.000
421.000
419.000
420.000
420.000
421.000
419.000
418.000
415.000
414.000
414.000
413.000
413.000
413.000
416.000
418.000
413.000
414.000
417.000
418.000
417.000
416.000
420.000
418.000
418.000
417.000
415.000
418.000
423.000
421.000
422.000
428.000
427.000
425.000
426.000
428.000
432.000
430.000
429.000
426.000
425.000
424.000
424.000
426.000
426.000
421.000
426.000
431.000
426.000
429.000
427.000
426.000
427.000
424.000
424.000
425.000
424.000
430.000
431.000
430.000
428.000
430.000
431.000
430.000
432.000
429.000
427.000
430.000
430.000
429.000
427.000
428.000
429.000
431.000
426.000
428.000
428.000
427.000
426.000
424.000
424.000
424.000
424.000
423.000
423.000
420.000
418.000
418.000
419.000
415.000
413.000
414.000
414.000
413.000
414.000
413.000
414.000
414.000
414.000
413.000
418.000
418.000
419.000
418.000
416.000
413.000
413.000
412.000
410.000
409.000
409.000
408.000
406.000
404.000
404.000
404.000
408.000
409.000
416.000
418.000
422.000
426.000
426.000
420.000
424.000
424.000
419.000
420.000
417.000
417.000
428.000
414.000
412.000
412.000
412.000
413.000
414.000
414.000
410.000
408.000
408.000
406.000
390.000
405.000
403.000
402.000
401.000
400.000
398.000
397.000
395.000
398.000
399.000
397.000
398.000
398.000
404.000
403.000
406.000
405.000
403.000
402.000
402.000
401.000
402.000
400.000
401.000
403.000
401.000
402.000
401.000
405.000
406.000
405.000
406.000
411.000
419.000
419.000
421.000
423.000
421.000
418.000
418.000
415.000
413.000
411.000
411.000
412.000
410.000
409.000
406.000
405.000
405.000
405.000
406.000
404.000
405.000
404.000
404.000
403.000
403.000
399.000
400.000
398.000
397.000
398.000
397.000
395.000
396.000
396.000
396.000
397.000
396.000
399.000
400.000
400.000
401.000
403.000
404.000
402.000
400.000
401.000
399.000
398.000
396.000
394.000
394.000
395.000
392.000
392.000
389.000
388.000
388.000
391.000
389.000
391.000
391.000
389.000
390.000
389.000
388.000
389.000
392.000
391.000
393.000
389.000
389.000
387.000
388.000
389.000
386.000
384.000
384.000
386.000
384.000
386.000
388.000
387.000
384.000
371.000
384.000
381.000
381.000
383.000
385.000
379.000
380.000
371.000
377.000
387.000
378.000
378.000
376.000
379.000
380.000
382.000
380.000
380.000
380.000
383.000
379.000
378.000
375.000
377.000
378.000
343.000
370.000
376.000
375.000
378.000
374.000
378.000
376.000
379.000
381.000
380.000
379.000
378.000
378.000
378.000
378.000
376.000
375.000
373.000
378.000
378.000
376.000
376.000
377.000
374.000
375.000
374.000
375.000
376.000
382.000
379.000
380.000
379.000
382.000
382.000
381.000
382.000
380.000
379.000
377.000
377.000
376.000
375.000
373.000
373.000
373.000
371.000
372.000
372.000
374.000
372.000
375.000
374.000
374.000
375.000
373.000
372.000
370.000
369.000
371.000
368.000
365.000
365.000
366.000
366.000
362.000
363.000
362.000
362.000
366.000
370.000
370.000
370.000
370.000
370.000
370.000
369.000
370.000
370.000
369.000
369.000
366.000
367.000
365.000
364.000
365.000
365.000
366.000
366.000
367.000
367.000
369.000
372.000
372.000
371.000
372.000
372.000
369.000
375.000
372.000
370.000
369.000
370.000
369.000
370.000
369.000
372.000
369.000
370.000
376.000
382.000
380.000
379.000
381.000
382.000
384.000
384.000
383.000
380.000
381.000
380.000
379.000
379.000
379.000
379.000
378.000
379.000
381.000
382.000
382.000
381.000
379.000
378.000
380.000
380.000
382.000
382.000
379.000
383.000
383.000
382.000
382.000
384.000
385.000
384.000
383.000
387.000
389.000
387.000
376.000
391.000
389.000
388.000
387.000
387.000
386.000
386.000
384.000
384.000
384.000
382.000
380.000
380.000
379.000
380.000
381.000
378.000
377.000
377.000
378.000
386.000
389.000
390.000
389.000
389.000
390.000
391.000
390.000
392.000
392.000
396.000
399.000
397.000
400.000
401.000
412.000
418.000
423.000
433.000
457.000
479.000
492.000
496.000
494.000
492.000
493.000
491.000
500.000
519.000
536.000
548.000
572.000
574.000
580.000
593.000
596.000
619.000
633.000
641.000
645.000
651.000
659.000
690.000
743.000
797.000
808.000
816.000
822.000
825.000
854.000
877.000
872.000
886.000
918.000
953.000
950.000
964.000
989.000
1037.000
1089.000
1122.000
1120.000
1115.000
1134.000
1162.000
1193.000
1243.000
1285.000
1320.000
1354.000
1346.000
1337.000
1332.000
1353.000
1373.000
1449.000
1516.000
1513.000
1523.000
1517.000
1507.000
1490.000
1477.000
1478.000
1477.000
1488.000
1483.000
1509.000
1511.000
1510.000
1518.000
1506.000
1498.000
1527.000
1563.000
1564.000
1581.000
1595.000
1595.000
1610.000
1616.000
1618.000
1628.000
1655.000
1701.000
1776.000
1853.000
1908.000
1949.000
1935.000
1926.000
1950.000
2007.000
2044.000
2023.000
2005.000
1988.000
1982.000
1976.000
1962.000
1952.000
1944.000
1982.000
1983.000
1998.000
2033.000
2032.000
2027.000
2018.000
2007.000
2000.000
1990.000
1979.000
1974.000
1965.000
1943.000
1924.000
1902.000
1886.000
1868.000
1846.000
1828.000
1817.000
1791.000
1776.000
1757.000
1740.000
1723.000
1706.000
1687.000
1680.000
1664.000
1646.000
1627.000
1607.000
1596.000
1581.000
1569.000
1557.000
1558.000
1550.000
1558.000
1543.000
1530.000
1517.000
1502.000
1488.000
1475.000
1468.000
1455.000
1444.000
1433.000
1429.000
1426.000
1413.000
1396.000
1390.000
1379.000
1364.000
1352.000
1356.000
1354.000
1344.000
1336.000
1334.000
1345.000
1343.000
1332.000
1343.000
1347.000
1343.000
1338.000
1325.000
1317.000
1321.000
1311.000
1305.000
1325.000
1344.000
1350.000
1340.000
1331.000
1333.000
1329.000
1318.000
1309.000
1299.000
1289.000
1284.000
1271.000
1260.000
1259.000
1254.000
1271.000
1283.000
1285.000
1310.000
1308.000
1328.000
1340.000
1334.000
1323.000
1348.000
1354.000
1344.000
1354.000
1348.000
1339.000
1332.000
1354.000
1359.000
1353.000
1344.000
1342.000
1343.000
1337.000
1324.000
1312.000
1306.000
1304.000
1313.000
1328.000
1336.000
1326.000
1333.000
1324.000
1314.000
1309.000
1303.000
1306.000
1302.000
1293.000
1283.000
1273.000
1263.000
1252.000
1244.000
1242.000
1240.000
1229.000
1217.000
1211.000
1207.000
1207.000
1202.000
1193.000
1181.000
1171.000
1157.000
1152.000
1142.000
1130.000
1125.000
1115.000
1106.000
1098.000
1091.000
1090.000
1083.000
1080.000
1071.000
1064.000
1052.000
1045.000
1033.000
1024.000
1016.000
1007.000
999.000
995.000
993.000
985.000
979.000
973.000
964.000
955.000
946.000
943.000
931.000
921.000
923.000
906.000
908.000
906.000
900.000
895.000
888.000
884.000
877.000
871.000
869.000
861.000
854.000
848.000
845.000
842.000
828.000
830.000
824.000
820.000
814.000
792.000
801.000
795.000
791.000
782.000
752.000
772.000
765.000
766.000
763.000
756.000
749.000
745.000
741.000
742.000
730.000
730.000
726.000
720.000
717.000
710.000
715.000
711.000
706.000
700.000
695.000
695.000
690.000
690.000
687.000
684.000
680.000
677.000
675.000
670.000
665.000
663.000
657.000
653.000
648.000
643.000
640.000
640.000
635.000
630.000
627.000
623.000
620.000
615.000
613.000
611.000
616.000
612.000
609.000
606.000
604.000
605.000
603.000
599.000
600.000
598.000
593.000
592.000
590.000
588.000
585.000
581.000
577.000
576.000
576.000
573.000
569.000
568.000
573.000
570.000
569.000
564.000
563.000
561.000
556.000
555.000
555.000
552.000
552.000
548.000
543.000
540.000
538.000
538.000
538.000
534.000
531.000
530.000
527.000
524.000
524.000
523.000
519.000
519.000
524.000
524.000
528.000
526.000
526.000
515.000
522.000
521.000
517.000
515.000
512.000
510.000
507.000
504.000
504.000
500.000
497.000
500.000
501.000
506.000
512.000
516.000
520.000
525.000
528.000
525.000
526.000
523.000
522.000
522.000
525.000
525.000
522.000
518.000
517.000
515.000
516.000
516.000
515.000
512.000
507.000
508.000
512.000
513.000
513.000
512.000
512.000
508.000
506.000
505.000
501.000
501.000
497.000
495.000
492.000
489.000
486.000
485.000
486.000
486.000
492.000
482.000
484.000
483.000
482.000
482.000
480.000
477.000
476.000
474.000
468.000
474.000
473.000
470.000
468.000
467.000
464.000
463.000
463.000
462.000
463.000
464.000
462.000
460.000
459.000
454.000
453.000
449.000
450.000
450.000
448.000
435.000
445.000
444.000
443.000
442.000
443.000
442.000
442.000
442.000
441.000
442.000
440.000
440.000
440.000
439.000
436.000
435.000
435.000
434.000
432.000
430.000
428.000
428.000
431.000
431.000
431.000
433.000
432.000
430.000
430.000
430.000
428.000
427.000
427.000
428.000
425.000
422.000
422.000
426.000
425.000
422.000
421.000
424.000
420.000
421.000
418.000
421.000
422.000
422.000
419.000
418.000
416.000
415.000
413.000
413.000
410.000
409.000
410.000
408.000
408.000
411.000
411.000
412.000
411.000
409.000
410.000
412.000
412.000
411.000
412.000
412.000
413.000
412.000
411.000
410.000
409.000
407.000
409.000
409.000
406.000
408.000
405.000
405.000
403.000
405.000
406.000
405.000
404.000
408.000
408.000
407.000
406.000
405.000
405.000
406.000
404.000
404.000
401.000
402.000
403.000
403.000
403.000
400.000
402.000
399.000
397.000
397.000
399.000
401.000
402.000
402.000
402.000
402.000
403.000
400.000
397.000
397.000
398.000
397.000
398.000
397.000
397.000
397.000
397.000
394.000
393.000
396.000
400.000
398.000
399.000
400.000
397.000
396.000
396.000
394.000
395.000
395.000
394.000
396.000
397.000
398.000
398.000
397.000
398.000
398.000
396.000
398.000
394.000
395.000
397.000
384.000
398.000
399.000
397.000
396.000
398.000
394.000
398.000
392.000
393.000
393.000
397.000
395.000
394.000
396.000
395.000
394.000
395.000
394.000
397.000
400.000
403.000
400.000
397.000
396.000
395.000
393.000
398.000
398.000
403.000
411.000
410.000
410.000
410.000
405.000
407.000
411.000
413.000
411.000
415.000
436.000
439.000
448.000
457.000
458.000
466.000
469.000
466.000
473.000
479.000
483.000
491.000
498.000
509.000
527.000
540.000
544.000
544.000
564.000
578.000
596.000
604.000
663.000
758.000
796.000
797.000
836.000
861.000
875.000
914.000
946.000
941.000
940.000
983.000
991.000
1002.000
1018.000
1077.000
1165.000
1179.000
1171.000
1191.000
1245.000
1249.000
1263.000
1266.000
1293.000
1298.000
1299.000
1306.000
1353.000
1414.000
1470.000
1534.000
1568.000
1586.000
1611.000
1604.000
1606.000
1603.000
1606.000
1618.000
1617.000
1633.000
1618.000
1640.000
1673.000
1682.000
1672.000
1664.000
1658.000
1653.000
1644.000
1646.000
1657.000
1672.000
1692.000
1705.000
1694.000
1689.000
1678.000
1695.000
1719.000
1725.000
1720.000
1724.000
1745.000
1778.000
1769.000
1763.000
1748.000
1752.000
1758.000
1778.000
1790.000
1775.000
1775.000
1759.000
1737.000
1721.000
1707.000
1687.000
1685.000
1678.000
1649.000
1656.000
1659.000
1658.000
1669.000
1659.000
1655.000
1651.000
1635.000
1642.000
1650.000
1647.000
1632.000
1620.000
1625.000
1612.000
1596.000
1581.000
1564.000
1548.000
1536.000
1527.000
1513.000
1504.000
1509.000
1504.000
1494.000
1488.000
1479.000
1477.000
1466.000
1461.000
1466.000
1467.000
1460.000
1460.000
1448.000
1440.000
1434.000
1425.000
1421.000
1409.000
1394.000
1384.000
1373.000
1361.000
1351.000
1338.000
1327.000
1322.000
1314.000
1306.000
1292.000
1281.000
1266.000
1252.000
1246.000
1247.000
1245.000
1234.000
1222.000
1212.000
1202.000
1193.000
1192.000
1186.000
1188.000
1196.000
1201.000
1194.000
1182.000
1172.000
1174.000
1165.000
1154.000
1146.000
1152.000
1155.000
1147.000
1152.000
1176.000
1208.000
1222.000
1215.000
1204.000
1204.000
1204.000
1202.000
1205.000
1218.000
1214.000
1228.000
1222.000
1224.000
1219.000
1231.000
1228.000
1225.000
1256.000
1283.000
1278.000
1266.000
1257.000
1270.000
1325.000
1376.000
1389.000
1379.000
1370.000
1364.000
1361.000
1404.000
1444.000
1453.000
1438.000
1431.000
1428.000
1427.000
1412.000
1402.000
1390.000
1386.000
1384.000
1396.000
1392.000
1381.000
1367.000
1359.000
1350.000
1344.000
1344.000
1337.000
1341.000
1341.000
1347.000
1356.000
1370.000
1373.000
1370.000
1368.000
1360.000
1357.000
1352.000
1344.000
1353.000
1353.000
1347.000
1353.000
1351.000
1336.000
1325.000
1325.000
1322.000
1312.000
1300.000
1291.000
1282.000
1273.000
1264.000
1248.000
1234.000
1224.000
1214.000
1207.000
1198.000
1186.000
1181.000
1175.000
1165.000
1155.000
1143.000
1141.000
1140.000
1133.000
1130.000
1123.000
1111.000
1102.000
1100.000
1090.000
1082.000
1072.000
1060.000
1053.000
1048.000
1040.000
1030.000
1020.000
1012.000
1004.000
996.000
986.000
980.000
976.000
968.000
961.000
954.000
946.000
937.000
937.000
932.000
923.000
914.000
907.000
903.000
896.000
887.000
879.000
873.000
866.000
858.000
851.000
846.000
838.000
839.000
834.000
829.000
822.000
816.000
812.000
809.000
802.000
797.000
790.000
786.000
784.000
777.000
770.000
766.000
758.000
751.000
747.000
740.000
734.000
728.000
725.000
726.000
722.000
719.000
714.000
709.000
706.000
704.000
698.000
695.000
690.000
686.000
684.000
686.000
683.000
685.000
684.000
679.000
676.000
675.000
672.000
669.000
665.000
660.000
654.000
652.000
652.000
651.000
645.000
641.000
640.000
635.000
629.000
626.000
623.000
622.000
621.000
618.000
615.000
611.000
615.000
608.000
607.000
603.000
603.000
595.000
600.000
596.000
595.000
591.000
589.000
585.000
583.000
577.000
573.000
570.000
568.000
570.000
570.000
568.000
566.000
565.000
563.000
561.000
557.000
553.000
553.000
551.000
549.000
545.000
543.000
542.000
540.000
536.000
534.000
533.000
531.000
529.000
530.000
531.000
530.000
529.000
528.000
526.000
524.000
522.000
518.000
514.000
509.000
508.000
504.000
503.000
501.000
498.000
495.000
495.000
493.000
493.000
494.000
496.000
496.000
496.000
493.000
491.000
488.000
486.000
484.000
483.000
482.000
479.000
477.000
476.000
473.000
470.000
472.000
474.000
472.000
470.000
476.000
477.000
478.000
475.000
474.000
472.000
471.000
470.000
466.000
467.000
468.000
464.000
468.000
464.000
472.000
471.000
475.000
475.000
481.000
480.000
480.000
479.000
480.000
478.000
476.000
475.000
472.000
469.000
469.000
464.000
465.000
463.000
462.000
462.000
458.000
459.000
457.000
455.000
454.000
455.000
453.000
450.000
453.000
455.000
455.000
453.000
453.000
453.000
461.000
457.000
457.000
455.000
456.000
455.000
453.000
450.000
448.000
446.000
443.000
444.000
443.000
442.000
442.000
441.000
440.000
437.000
437.000
436.000
432.000
432.000
429.000
428.000
426.000
426.000
423.000
422.000
421.000
421.000
417.000
417.000
416.000
416.000
419.000
420.000
421.000
418.000
417.000
418.000
418.000
417.000
414.000
414.000
417.000
419.000
417.000
414.000
413.000
413.000
411.000
411.000
412.000
412.000
414.000
416.000
417.000
420.000
418.000
416.000
413.000
412.000
411.000
406.000
406.000
405.000
406.000
402.000
400.000
402.000
400.000
403.000
400.000
399.000
401.000
401.000
403.000
402.000
394.000
399.000
399.000
398.000
396.000
396.000
393.000
390.000
391.000
390.000
388.000
389.000
391.000
391.000
393.000
394.000
397.000
395.000
394.000
395.000
393.000
395.000
395.000
392.000
391.000
389.000
393.000
392.000
389.000
388.000
389.000
387.000
388.000
385.000
384.000
385.000
384.000
388.000
390.000
391.000
392.000
392.000
391.000
392.000
388.000
389.000
390.000
390.000
389.000
389.000
387.000
387.000
387.000
386.000
385.000
389.000
390.000
389.000
394.000
395.000
394.000
393.000
393.000
393.000
396.000
395.000
396.000
393.000
394.000
393.000
395.000
404.000
416.000
430.000
438.000
439.000
435.000
431.000
433.000
440.000
458.000
480.000
497.000
518.000
518.000
518.000
519.000
518.000
538.000
590.000
613.000
619.000
638.000
676.000
694.000
736.000
770.000
788.000
887.000
1012.000
1082.000
1102.000
1118.000
1137.000
1138.000
1136.000
1178.000
1246.000
1287.000
1310.000
1324.000
1312.000
1336.000
1354.000
1341.000
1336.000
1368.000
1388.000
1380.000
1407.000
1428.000
1460.000
1491.000
1485.000
1493.000
1520.000
1506.000
1494.000
1480.000
1495.000
1493.000
1518.000
1534.000
1533.000
1549.000
1563.000
1565.000
1573.000
1565.000
1574.000
1567.000
1568.000
1562.000
1556.000
1578.000
1587.000
1588.000
1579.000
1574.000
1566.000
1624.000
1725.000
1776.000
1824.000
1861.000
1856.000
1872.000
1874.000
1893.000
1908.000
1934.000
1951.000
1989.000
1988.000
1970.000
2005.000
2033.000
2016.000
1995.000
2002.000
2030.000
2077.000
2091.000
2090.000
2086.000
2078.000
2065.000
2052.000
2033.000
2036.000
2053.000
2108.000
2100.000
2081.000
2083.000
2123.000
2120.000
2167.000
2165.000
2179.000
2162.000
2220.000
2256.000
2230.000
2214.000
2193.000
2183.000
2180.000
2156.000
2135.000
2123.000
2102.000
2100.000
2088.000
2073.000
2064.000
2045.000
2021.000
1998.000
1977.000
1960.000
1943.000
1920.000
1898.000
1881.000
1867.000
1844.000
1826.000
1805.000
1788.000
1770.000
1752.000
1736.000
1717.000
1699.000
1681.000
1662.000
1652.000
1640.000
1626.000
1607.000
1589.000
1575.000
1561.000
1553.000
1540.000
1527.000
1511.000
1496.000
1494.000
1480.000
1469.000
1460.000
1455.000
1451.000
1438.000
1435.000
1438.000
1433.000
1428.000
1447.000
1464.000
1472.000
1471.000
1457.000
1457.000
1459.000
1456.000
1451.000
1434.000
1424.000
1425.000
1437.000
1439.000
1429.000
1426.000
1428.000
1424.000
1417.000
1412.000
1408.000
1395.000
1387.000
1378.000
1386.000
1392.000
1387.000
1378.000
1376.000
1376.000
1381.000
1376.000
1373.000
1375.000
1365.000
1353.000
1339.000
1327.000
1317.000
1309.000
1297.000
1288.000
1286.000
1278.000
1267.000
1264.000
1264.000
1270.000
1278.000
1276.000
1280.000
1278.000
1273.000
1262.000
1260.000
1262.000
1254.000
1243.000
1229.000
1220.000
1223.000
1225.000
1215.000
1213.000
1212.000
1202.000
1187.000
1176.000
1165.000
1163.000
1165.000
1169.000
1162.000
1154.000
1152.000
1159.000
1168.000
1159.000
1148.000
1143.000
1143.000
1139.000
1140.000
1137.000
1112.000
1124.000
1121.000
1109.000
1102.000
1097.000
1093.000
1101.000
1096.000
1088.000
1089.000
1078.000
1080.000
1091.000
1087.000
1089.000
1079.000
1078.000
1066.000
1060.000
1067.000
1085.000
1105.000
1111.000
1104.000
1103.000
1097.000
1099.000
1100.000
1092.000
1082.000
1076.000
1062.000
1052.000
1041.000
1033.000
1025.000
1012.000
1004.000
997.000
988.000
979.000
969.000
964.000
954.000
948.000
938.000
929.000
920.000
915.000
910.000
904.000
892.000
887.000
883.000
882.000
870.000
864.000
855.000
852.000
847.000
842.000
834.000
827.000
821.000
816.000
811.000
807.000
800.000
792.000
787.000
784.000
780.000
774.000
771.000
763.000
756.000
749.000
749.000
751.000
747.000
744.000
736.000
730.000
723.000
719.000
715.000
708.000
702.000
697.000
693.000
692.000
688.000
682.000
679.000
672.000
668.000
664.000
661.000
656.000
652.000
649.000
648.000
643.000
639.000
635.000
632.000
626.000
624.000
620.000
617.000
612.000
610.000
612.000
612.000
609.000
613.000
610.000
608.000
611.000
607.000
605.000
608.000
608.000
604.000
602.000
598.000
593.000
590.000
586.000
589.000
592.000
589.000
596.000
593.000
603.000
604.000
601.000
600.000
598.000
596.000
593.000
592.000
587.000
582.000
580.000
578.000
574.000
568.000
565.000
562.000
561.000
557.000
552.000
550.000
547.000
543.000
541.000
539.000
534.000
535.000
537.000
537.000
535.000
534.000
531.000
528.000
525.000
521.000
518.000
504.000
514.000
508.000
508.000
505.000
499.000
497.000
496.000
493.000
492.000
490.000
489.000
485.000
489.000
491.000
487.000
492.000
489.000
486.000
487.000
476.000
490.000
501.000
497.000
495.000
478.000
496.000
498.000
503.000
501.000
498.000
499.000
497.000
497.000
495.000
491.000
493.000
490.000
493.000
497.000
497.000
499.000
498.000
502.000
505.000
506.000
506.000
508.000
507.000
501.000
502.000
502.000
503.000
500.000
499.000
495.000
494.000
491.000
490.000
487.000
487.000
486.000
485.000
484.000
480.000
479.000
475.000
473.000
471.000
472.000
472.000
471.000
470.000
467.000
468.000
467.000
464.000
461.000
460.000
459.000
461.000
459.000
459.000
455.000
452.000
449.000
447.000
445.000
444.000
449.000
451.000
452.000
453.000
451.000
449.000
452.000
450.000
454.000
451.000
454.000
452.000
458.000
466.000
461.000
463.000
462.000
461.000
458.000
458.000
460.000
460.000
459.000
456.000
455.000
453.000
450.000
449.000
448.000
449.000
449.000
448.000
446.000
445.000
444.000
443.000
440.000
439.000
439.000
437.000
435.000
439.000
442.000
443.000
441.000
441.000
440.000
441.000
443.000
442.000
445.000
438.000
442.000
443.000
442.000
440.000
439.000
438.000
437.000
435.000
438.000
438.000
441.000
440.000
438.000
441.000
439.000
440.000
425.000
438.000
437.000
438.000
434.000
433.000
431.000
428.000
428.000
426.000
425.000
423.000
422.000
421.000
425.000
431.000
430.000
428.000
428.000
427.000
425.000
424.000
420.000
416.000
420.000
419.000
416.000
418.000
417.000
417.000
424.000
421.000
420.000
420.000
421.000
420.000
420.000
417.000
414.000
416.000
413.000
413.000
412.000
412.000
411.000
408.000
412.000
410.000
409.000
407.000
407.000
408.000
410.000
408.000
407.000
405.000
407.000
408.000
404.000
403.000
403.000
403.000
402.000
402.000
400.000
403.000
405.000
405.000
402.000
403.000
404.000
404.000
408.000
414.000
417.000
415.000
417.000
419.000
418.000
421.000
424.000
435.000
438.000
445.000
443.000
442.000
442.000
447.000
463.000
484.000
500.000
500.000
517.000
546.000
572.000
603.000
640.000
656.000
665.000
663.000
658.000
664.000
676.000
708.000
723.000
732.000
747.000
757.000
754.000
758.000
759.000
780.000
832.000
882.000
944.000
965.000
995.000
1032.000
1050.000
1044.000
1070.000
1103.000
1119.000
1121.000
1134.000
1178.000
1256.000
1318.000
1384.000
1384.000
1393.000
1381.000
1390.000
1404.000
1467.000
1471.000
1486.000
1484.000
1494.000
1485.000
1482.000
1479.000
1475.000
1473.000
1478.000
1531.000
1566.000
1615.000
1633.000
1616.000
1600.000
1603.000
1640.000
1702.000
1691.000
1721.000
1740.000
1741.000
1733.000
1750.000
1759.000
1740.000
1719.000
1707.000
1719.000
1734.000
1733.000
1740.000
1732.000
1724.000
1757.000
1755.000
1740.000
1725.000
1718.000
1759.000
1872.000
2002.000
2008.000
2070.000
2148.000
2219.000
2236.000
2229.000
2229.000
2211.000
2201.000
2210.000
2199.000
2214.000
2235.000
2263.000
2294.000
2320.000
2305.000
2333.000
2336.000
2315.000
2297.000
2304.000
2318.000
2328.000
2304.000
2281.000
2290.000
2283.000
2316.000
2317.000
2338.000
2331.000
2319.000
2319.000
2361.000
2385.000
2375.000
2376.000
2437.000
2472.000
2497.000
2486.000
2465.000
2477.000
2457.000
2431.000
2434.000
2443.000
2456.000
2558.000
2617.000
2644.000
2741.000
2762.000
2766.000
2827.000
2886.000
2860.000
2854.000
2837.000
2844.000
2848.000
2883.000
2931.000
2927.000
2964.000
2967.000
2999.000
3045.000
3054.000
3064.000
3040.000
3030.000
3020.000
3010.000
2990.000
2958.000
2924.000
2905.000
2875.000
2869.000
2851.000
2867.000
2853.000
2831.000
2821.000
2822.000
2812.000
2786.000
2761.000
2737.000
2727.000
2711.000
2684.000
2659.000
2634.000
2606.000
2584.000
2569.000
2580.000
2628.000
2641.000
2631.000
2636.000
2713.000
2814.000
2856.000
2891.000
2944.000
2974.000
2985.000
3054.000
3060.000
3055.000
3031.000
3026.000
3007.000
2977.000
2958.000
2954.000
2931.000
2905.000
2905.000
2888.000
2875.000
2927.000
2904.000
2899.000
2880.000
2853.000
2832.000
2817.000
2827.000
2833.000
2850.000
2832.000
2828.000
2810.000
2800.000
2823.000
2799.000
2773.000
2756.000
2756.000
2758.000
2733.000
2702.000
2679.000
2650.000
2624.000
2602.000
2581.000
2578.000
2571.000
2545.000
2577.000
2597.000
2629.000
2661.000
2638.000
2692.000
2711.000
2740.000
2724.000
2705.000
2699.000
2716.000
2727.000
2702.000
2686.000
2675.000
2682.000
2673.000
2655.000
2626.000
2597.000
2584.000
2604.000
2625.000
2626.000
2608.000
2598.000
2673.000
2689.000
2696.000
2702.000
2687.000
2664.000
2667.000
2664.000
2664.000
2642.000
2626.000
2621.000
2612.000
2608.000
2611.000
2589.000
2607.000
2610.000
2581.000
2555.000
2542.000
2516.000
2530.000
2535.000
2521.000
2525.000
2504.000
2478.000
2452.000
2431.000
2408.000
2396.000
2395.000
2391.000
2391.000
2429.000
2417.000
2400.000
2388.000
2385.000
2361.000
2345.000
2320.000
2293.000
2268.000
2245.000
2223.000
2203.000
2196.000
2181.000
2160.000
2144.000
2147.000
2174.000
2168.000
2146.000
2148.000
2186.000
2184.000
2168.000
2208.000
2203.000
2233.000
2239.000
2227.000
2246.000
2265.000
2267.000
2243.000
2228.000
2263.000
2280.000
2267.000
2264.000
2260.000
2242.000
2263.000
2262.000
2269.000
2267.000
2263.000
2245.000
2232.000
2213.000
2198.000
2184.000
2165.000
2150.000
2142.000
2136.000
2135.000
2180.000
2200.000
2184.000
2195.000
2215.000
2256.000
2267.000
2264.000
2270.000
2298.000
2284.000
2277.000
2270.000
2259.000
2236.000
2218.000
2200.000
2185.000
2207.000
2219.000
2214.000
2203.000
2186.000
2158.000
2136.000
2113.000
2094.000
2089.000
2090.000
2080.000
2073.000
2060.000
2037.000
2028.000
2012.000
2018.000
2043.000
2034.000
2027.000
2015.000
1997.000
1986.000
1977.000
1991.000
1998.000
2012.000
2071.000
2122.000
2124.000
2121.000
2102.000
2084.000
2070.000
2113.000
2212.000
2263.000
2275.000
2304.000
2314.000
2314.000
2293.000
2284.000
2286.000
2273.000
2286.000
2369.000
2379.000
2351.000
2341.000
2319.000
2311.000
2290.000
2292.000
2279.000
2308.000
2306.000
2283.000
2288.000
2292.000
2318.000
2359.000
2359.000
2342.000
2325.000
2305.000
2277.000
2251.000
2232.000
2226.000
2215.000
2202.000
2208.000
2204.000
2188.000
2187.000
2186.000
2214.000
2264.000
2306.000
2362.000
2494.000
2595.000
2616.000
2761.000
2850.000
2838.000
2860.000
2866.000
2859.000
2852.000
2838.000
2846.000
2845.000
2863.000
2892.000
2889.000
2884.000
2911.000
2903.000
2892.000
2964.000
2946.000
2947.000
2979.000
2966.000
2957.000
2953.000
2950.000
2942.000
2921.000
2902.000
2868.000
2837.000
2846.000
2875.000
2865.000
2843.000
2823.000
2813.000
2803.000
2780.000
2781.000
2759.000
2744.000
2725.000
2743.000
2788.000
2794.000
2772.000
2752.000
2750.000
2752.000
2749.000
2795.000
2787.000
2762.000
2753.000
2792.000
2848.000
2829.000
2799.000
2801.000
2803.000
2816.000
2805.000
2850.000
2892.000
2868.000
2851.000
2825.000
2793.000
2805.000
2923.000
2937.000
3022.000
3036.000
3004.000
2989.000
3012.000
3026.000
2994.000
2961.000
2947.000
2930.000
2932.000
2913.000
2888.000
2905.000
2905.000
2917.000
2929.000
2905.000
2889.000
2862.000
2868.000
2942.000
2938.000
2926.000
2957.000
2986.000
2976.000
2992.000
2974.000
2959.000
3015.000
3021.000
2997.000
2981.000
2996.000
2992.000
2984.000
3032.000
3049.000
3123.000
3332.000
3338.000
3317.000
3293.000
3265.000
3228.000
3197.000
3176.000
3200.000
3210.000
3184.000
3170.000
3144.000
3113.000
3096.000
3077.000
3043.000
3015.000
2998.000
2966.000
2934.000
2930.000
2939.000
2912.000
2886.000
2893.000
2918.000
2899.000
2866.000
2836.000
2809.000
2783.000
2758.000
2728.000
2696.000
2665.000
2654.000
2644.000
2627.000
2610.000
2603.000
2620.000
2608.000
2581.000
2552.000
2539.000
2516.000
2524.000
2529.000
2512.000
2505.000
2569.000
2588.000
2562.000
2536.000
2526.000
2530.000
2503.000
2500.000
2487.000
2469.000
2461.000
2442.000
2441.000
2443.000
2426.000
2489.000
2505.000
2534.000
2557.000
2596.000
2636.000
2634.000
2686.000
2811.000
2867.000
2856.000
2875.000
2864.000
2915.000
2965.000
2960.000
2941.000
2923.000
2933.000
2972.000
2988.000
2964.000
2949.000
2928.000
2908.000
2876.000
2863.000
2845.000
2813.000
2805.000
2797.000
2787.000
2767.000
2764.000
2752.000
2727.000
2744.000
2778.000
2782.000
2857.000
2875.000
2842.000
2844.000
2826.000
2824.000
2864.000
2851.000
2863.000
2903.000
2916.000
2888.000
2856.000
2835.000
2811.000
2796.000
2772.000
2770.000
2753.000
2736.000
2714.000
2724.000
2778.000
2776.000
2833.000
2849.000
2823.000
2835.000
2882.000
2872.000
2881.000
2869.000
2850.000
2827.000
2825.000
2821.000
2826.000
2829.000
2800.000
2801.000
2801.000
2825.000
2789.000
2763.000
2736.000
2726.000
2717.000
2696.000
2671.000
2648.000
2624.000
2613.000
2592.000
2588.000
2645.000
2653.000
2634.000
2636.000
2690.000
2758.000
2771.000
2769.000
2742.000
2718.000
2702.000
2684.000
2665.000
2624.000
2638.000
2633.000
2596.000
2582.000
2544.000
2564.000
2597.000
2609.000
2649.000
2618.000
2598.000
2569.000
2527.000
2521.000
2496.000
2489.000
2474.000
2436.000
2420.000
2406.000
2384.000
2384.000
2359.000
2355.000
2330.000
2308.000
2308.000
2306.000
2281.000
2263.000
2241.000
2254.000
2267.000
2258.000
2238.000
2235.000
2237.000
2229.000
2238.000
2245.000
2225.000
2218.000
2224.000
2222.000
2208.000
2225.000
2218.000
2210.000
2224.000
2228.000
2287.000
2304.000
2306.000
2316.000
2314.000
2312.000
2305.000
2284.000
2296.000
2298.000
2289.000
2336.000
2399.000
2427.000
2432.000
2470.000
2544.000
2549.000
2533.000
2515.000
2492.000
2475.000
2464.000
2456.000
2453.000
2431.000
2413.000
2389.000
2379.000
2359.000
2361.000
2336.000
2343.000
2335.000
2337.000
2327.000
2328.000
2314.000
2309.000
2288.000
2270.000
2246.000
2226.000
2203.000
2181.000
2165.000
2145.000
2123.000
2117.000
2123.000
2117.000
2101.000
2082.000
2085.000
2067.000
2053.000
2032.000
2021.000
2017.000
2017.000
2017.000
2058.000
2102.000
2121.000
2105.000
2104.000
2120.000
2120.000
2119.000
2203.000
2211.000
2248.000
2247.000
2229.000
2240.000
2246.000
2226.000
2205.000
2184.000
2164.000
2158.000
2148.000
2133.000
2112.000
2103.000
2100.000
2089.000
2081.000
2108.000
2135.000
2242.000
2257.000
2329.000
2355.000
2346.000
2325.000
2340.000
2344.000
2324.000
2332.000
2319.000
2300.000
2275.000
2248.000
2224.000
2199.000
2196.000
2182.000
2165.000
2162.000
2156.000
2136.000
2112.000
2110.000
2124.000
2116.000
2115.000
2097.000
2095.000
2092.000
2070.000
2057.000
2041.000
2027.000
2032.000
2021.000
2004.000
1979.000
1964.000
1954.000
1945.000
1936.000
1923.000
1912.000
1893.000
1887.000
1896.000
1904.000
1911.000
1913.000
1934.000
1957.000
1956.000
1975.000
1995.000
1983.000
1977.000
1987.000
1995.000
1992.000
2031.000
2113.000
2142.000
2133.000
2171.000
2196.000
2191.000
2176.000
2167.000
2164.000
2180.000
2173.000
2208.000
2234.000
2223.000
2212.000
2226.000
2234.000
2216.000
2199.000
2212.000
2242.000
2235.000
2262.000
2284.000
2285.000
2276.000
2288.000
2270.000
2251.000
2240.000
2213.000
2206.000
2196.000
2173.000
2163.000
2203.000
2208.000
2244.000
2240.000
2246.000
2252.000
2227.000
2211.000
2184.000
2176.000
2172.000
2183.000
2177.000
2219.000
2272.000
2291.000
2266.000
2262.000
2268.000
2255.000
2247.000
2242.000
2226.000
2200.000
2205.000
2204.000
2181.000
2173.000
2166.000
2160.000
2155.000
2132.000
2120.000
2107.000
2118.000
2120.000
2104.000
2081.000
2077.000
2089.000
2068.000
2069.000
2069.000
2103.000
2101.000
2120.000
2122.000
2145.000
2131.000
2109.000
2088.000
2068.000
2045.000
2025.000
2008.000
1999.000
1989.000
1967.000
1949.000
1929.000
1909.000
1885.000
1874.000
1869.000
1853.000
1840.000
1843.000
1850.000
1857.000
1858.000
1907.000
1915.000
1895.000
1890.000
1913.000
1902.000
1898.000
1891.000
1882.000
1867.000
1862.000
1853.000
1856.000
1857.000
1845.000
1841.000
1843.000
1831.000
1867.000
1891.000
1889.000
1878.000
1862.000
1877.000
1877.000
1868.000
1885.000
1903.000
1926.000
2004.000
2035.000
2034.000
2023.000
2014.000
1994.000
1975.000
1972.000
1965.000
1947.000
1946.000
1925.000
1912.000
1895.000
1879.000
1864.000
1858.000
1846.000
1842.000
1826.000
1803.000
1798.000
1812.000
1808.000
1797.000
1778.000
1763.000
1745.000
1730.000
1716.000
1726.000
1723.000
1713.000
1703.000
1708.000
1700.000
1688.000
1681.000
1672.000
1682.000
1674.000
1685.000
1670.000
1651.000
1637.000
1622.000
1609.000
1595.000
1602.000
1598.000
1584.000
1569.000
1552.000
1537.000
1526.000
1509.000
1500.000
1496.000
1488.000
1475.000
1471.000
1476.000
1468.000
1459.000
1457.000
1457.000
1466.000
1462.000
1450.000
1437.000
1423.000
1409.000
1398.000
1386.000
1372.000
1366.000
1369.000
1376.000
1377.000
1368.000
1356.000
1362.000
1377.000
1370.000
1360.000
1349.000
1338.000
1338.000
1337.000
1326.000
1320.000
1314.000
1309.000
1320.000
1318.000
1316.000
1306.000
1317.000
1338.000
1337.000
1329.000
1322.000
1316.000
1309.000
1314.000
1354.000
1384.000
1389.000
1397.000
1397.000
1406.000
1410.000
1407.000
1438.000
1446.000
1437.000
1427.000
1425.000
1462.000
1478.000
1464.000
1459.000
1449.000
1442.000
1436.000
1445.000
1483.000
1518.000
1524.000
1540.000
1542.000
1538.000
1540.000
1543.000
1538.000
1534.000
1525.000
1525.000
1529.000
1519.000
1511.000
1514.000
1508.000
1492.000
1479.000
1466.000
1455.000
1445.000
1433.000
1418.000
1400.000
1393.000
1391.000
1396.000
1398.000
1386.000
1372.000
1358.000
1348.000
1336.000
1326.000
1314.000
1302.000
1298.000
1288.000
1270.000
1264.000
1252.000
1243.000
1236.000
1224.000
1215.000
1207.000
1193.000
1184.000
1174.000
1169.000
1162.000
1150.000
1139.000
1136.000
1131.000
1119.000
1082.000
1106.000
1100.000
1110.000
1092.000
1084.000
1073.000
1067.000
1057.000
1046.000
1041.000
1035.000
1030.000
1019.000
1009.000
1011.000
1019.000
1024.000
1024.000
1020.000
1015.000
1006.000
1000.000
991.000
982.000
976.000
966.000
957.000
949.000
942.000
936.000
929.000
921.000
916.000
909.000
903.000
894.000
887.000
880.000
878.000
874.000
868.000
862.000
856.000
850.000
843.000
840.000
836.000
839.000
836.000
834.000
826.000
819.000
813.000
806.000
804.000
796.000
791.000
790.000
794.000
797.000
800.000
797.000
800.000
796.000
789.000
785.000
782.000
774.000
770.000
761.000
756.000
751.000
748.000
743.000
744.000
739.000
735.000
730.000
724.000
722.000
714.000
709.000
704.000
700.000
694.000
689.000
686.000
683.000
681.000
679.000
682.000
678.000
675.000
671.000
670.000
667.000
670.000
672.000
671.000
667.000
660.000
657.000
652.000
652.000
651.000
646.000
640.000
640.000
635.000
630.000
630.000
622.000
620.000
618.000
618.000
615.000
616.000
613.000
618.000
619.000
624.000
624.000
627.000
625.000
625.000
622.000
625.000
624.000
622.000
624.000
629.000
629.000
630.000
631.000
627.000
626.000
627.000
621.000
618.000
619.000
621.000
618.000
615.000
612.000
613.000
608.000
605.000
602.000
606.000
605.000
603.000
598.000
597.000
592.000
590.000
584.000
581.000
579.000
575.000
577.000
576.000
576.000
573.000
572.000
568.000
571.000
571.000
572.000
571.000
567.000
568.000
564.000
564.000
564.000
560.000
557.000
555.000
554.000
556.000
553.000
556.000
559.000
556.000
557.000
554.000
552.000
552.000
556.000
553.000
550.000
548.000
545.000
543.000
538.000
537.000
534.000
533.000
530.000
530.000
525.000
524.000
521.000
515.000
516.000
512.000
508.000
505.000
504.000
503.000
500.000
498.000
497.000
498.000
497.000
493.000
491.000
491.000
495.000
504.000
509.000
509.000
509.000
506.000
502.000
502.000
499.000
498.000
498.000
496.000
495.000
492.000
491.000
488.000
487.000
486.000
482.000
483.000
482.000
485.000
484.000
482.000
480.000
480.000
478.000
477.000
472.000
470.000
469.000
465.000
466.000
467.000
467.000
468.000
474.000
473.000
474.000
477.000
475.000
474.000
472.000
472.000
469.000
470.000
468.000
465.000
463.000
459.000
459.000
459.000
455.000
458.000
452.000
453.000
451.000
449.000
450.000
454.000
458.000
459.000
457.000
457.000
453.000
454.000
452.000
449.000
448.000
450.000
450.000
452.000
449.000
450.000
449.000
450.000
448.000
447.000
446.000
444.000
449.000
458.000
463.000
460.000
460.000
464.000
465.000
466.000
462.000
459.000
462.000
461.000
465.000
465.000
464.000
461.000
459.000
458.000
457.000
456.000
457.000
457.000
457.000
456.000
452.000
449.000
448.000
447.000
445.000
444.000
441.000
440.000
438.000
439.000
436.000
436.000
439.000
437.000
440.000
438.000
432.000
438.000
436.000
432.000
432.000
431.000
430.000
429.000
432.000
432.000
433.000
431.000
435.000
434.000
432.000
430.000
428.000
428.000
430.000
431.000
431.000
427.000
427.000
425.000
424.000
423.000
422.000
422.000
422.000
420.000
419.000
419.000
415.000
416.000
415.000
412.000
413.000
412.000
409.000
410.000
409.000
412.000
415.000
414.000
413.000
411.000
415.000
414.000
415.000
413.000
412.000
412.000
411.000
411.000
409.000
407.000
408.000
406.000
411.000
416.000
420.000
422.000
421.000
418.000
420.000
421.000
422.000
420.000
422.000
425.000
424.000
423.000
421.000
419.000
418.000
417.000
418.000
420.000
419.000
419.000
418.000
421.000
420.000
418.000
414.000
412.000
411.000
412.000
411.000
410.000
410.000
408.000
406.000
404.000
405.000
402.000
401.000
403.000
400.000
403.000
405.000
404.000
403.000
403.000
399.000
399.000
399.000
397.000
396.000
394.000
395.000
401.000
400.000
401.000
398.000
398.000
400.000
402.000
404.000
403.000
400.000
398.000
400.000
394.000
394.000
392.000
392.000
391.000
392.000
392.000
398.000
397.000
380.000
392.000
390.000
391.000
389.000
374.000
386.000
386.000
374.000
387.000
373.000
383.000
382.000
373.000
381.000
379.000
381.000
380.000
380.000
382.000
380.000
380.000
376.000
381.000
380.000
382.000
359.000
379.000
380.000
381.000
389.000
377.000
375.000
374.000
373.000
373.000
372.000
372.000
370.000
371.000
371.000
373.000
373.000
368.000
366.000
369.000
367.000
372.000
374.000
371.000
371.000
370.000
371.000
367.000
366.000
369.000
372.000
371.000
371.000
370.000
367.000
368.000
370.000
368.000
367.000
370.000
366.000
368.000
366.000
369.000
371.000
373.000
372.000
376.000
377.000
377.000
378.000
379.000
379.000
379.000
378.000
376.000
374.000
375.000
374.000
374.000
375.000
376.000
377.000
377.000
376.000
376.000
375.000
373.000
373.000
373.000
370.000
372.000
373.000
373.000
370.000
368.000
367.000
367.000
369.000
370.000
372.000
373.000
374.000
372.000
371.000
372.000
373.000
371.000
371.000
370.000
372.000
374.000
373.000
371.000
371.000
370.000
369.000
371.000
369.000
372.000
370.000
374.000
373.000
373.000
372.000
365.000
367.000
366.000
362.000
364.000
362.000
364.000
364.000
364.000
365.000
364.000
362.000
364.000
366.000
368.000
368.000
369.000
367.000
368.000
366.000
369.000
368.000
370.000
369.000
369.000
368.000
368.000
370.000
367.000
365.000
367.000
367.000
367.000
366.000
367.000
369.000
370.000
370.000
373.000
376.000
377.000
378.000
375.000
376.000
376.000
374.000
374.000
375.000
375.000
374.000
374.000
374.000
376.000
377.000
378.000
378.000
381.000
380.000
378.000
376.000
377.000
380.000
379.000
379.000
378.000
376.000
375.000
374.000
375.000
371.000
371.000
369.000
369.000
369.000
366.000
367.000
370.000
372.000
373.000
368.000
371.000
368.000
368.000
368.000
369.000
368.000
368.000
366.000
364.000
362.000
365.000
367.000
368.000
371.000
371.000
371.000
373.000
373.000
373.000
372.000
376.000
375.000
372.000
374.000
378.000
377.000
374.000
373.000
372.000
371.000
369.000
368.000
369.000
371.000
381.000
386.000
387.000
389.000
392.000
391.000
392.000
392.000
395.000
401.000
405.000
404.000
404.000
402.000
402.000
403.000
404.000
404.000
402.000
402.000
405.000
403.000
402.000
400.000
402.000
398.000
395.000
393.000
395.000
394.000
395.000
392.000
392.000
389.000
394.000
387.000
387.000
386.000
385.000
384.000
386.000
388.000
388.000
389.000
388.000
387.000
385.000
385.000
384.000
382.000
382.000
382.000
380.000
379.000
379.000
377.000
377.000
372.000
372.000
374.000
374.000
374.000
379.000
380.000
380.000
380.000
382.000
384.000
387.000
388.000
387.000
385.000
388.000
388.000
384.000
385.000
382.000
382.000
381.000
386.000
390.000
386.000
386.000
384.000
385.000
384.000
384.000
382.000
379.000
379.000
379.000
378.000
376.000
375.000
375.000
375.000
375.000
373.000
374.000
372.000
376.000
376.000
376.000
376.000
377.000
374.000
372.000
370.000
369.000
366.000
366.000
368.000
366.000
365.000
364.000
362.000
359.000
361.000
360.000
362.000
363.000
367.000
365.000
367.000
366.000
365.000
363.000
361.000
362.000
362.000
361.000
362.000
359.000
361.000
360.000
357.000
358.000
355.000
355.000
359.000
361.000
364.000
362.000
364.000
361.000
362.000
359.000
360.000
359.000
360.000
360.000
359.000
358.000
357.000
356.000
358.000
356.000
357.000
359.000
360.000
359.000
360.000
361.000
361.000
361.000
359.000
359.000
360.000
358.000
357.000
356.000
357.000
358.000
358.000
356.000
355.000
355.000
357.000
358.000
363.000
359.000
360.000
360.000
358.000
356.000
358.000
361.000
360.000
356.000
358.000
354.000
356.000
355.000
354.000
352.000
353.000
351.000
353.000
355.000
356.000
357.000
356.000
356.000
357.000
361.000
355.000
353.000
355.000
353.000
350.000
352.000
352.000
352.000
350.000
349.000
351.000
346.000
349.000
354.000
352.000
350.000
353.000
354.000
355.000
354.000
356.000
353.000
351.000
349.000
351.000
352.000
351.000
353.000
353.000
350.000
348.000
351.000
349.000
352.000
351.000
352.000
353.000
355.000
355.000
355.000
366.000
353.000
353.000
355.000
358.000
358.000
356.000
357.000
343.000
353.000
353.000
354.000
353.000
353.000
355.000
360.000
359.000
359.000
359.000
356.000
358.000
357.000
355.000
360.000
360.000
359.000
358.000
358.000
359.000
358.000
358.000
359.000
360.000
360.000
362.000
364.000
366.000
367.000
365.000
365.000
367.000
365.000
364.000
364.000
364.000
363.000
365.000
366.000
369.000
367.000
368.000
368.000
370.000
369.000
371.000
372.000
374.000
373.000
375.000
376.000
374.000
373.000
372.000
372.000
372.000
372.000
369.000
367.000
368.000
368.000
367.000
366.000
367.000
367.000
369.000
372.000
371.000
369.000
368.000
369.000
368.000
368.000
366.000
366.000
364.000
365.000
365.000
364.000
365.000
362.000
365.000
364.000
363.000
363.000
366.000
365.000
366.000
365.000
364.000
363.000
364.000
363.000
363.000
362.000
364.000
363.000
364.000
362.000
363.000
361.000
359.000
357.000
358.000
359.000
362.000
365.000
364.000
365.000
363.000
363.000
363.000
364.000
362.000
362.000
361.000
363.000
363.000
363.000
363.000
362.000
361.000
360.000
360.000
359.000
359.000
360.000
363.000
365.000
366.000
367.000
366.000
367.000
366.000
365.000
365.000
364.000
362.000
350.000
363.000
362.000
360.000
360.000
361.000
361.000
363.000
364.000
365.000
364.000
365.000
361.000
362.000
361.000
361.000
361.000
361.000
362.000
361.000
359.000
359.000
360.000
360.000
360.000
360.000
360.000
359.000
361.000
362.000
363.000
365.000
367.000
368.000
371.000
371.000
372.000
372.000
370.000
369.000
371.000
370.000
368.000
370.000
365.000
367.000
366.000
368.000
370.000
367.000
369.000
366.000
365.000
366.000
365.000
364.000
364.000
362.000
362.000
363.000
361.000
360.000
359.000
361.000
358.000
358.000
360.000
360.000
361.000
360.000
362.000
361.000
361.000
358.000
359.000
360.000
361.000
361.000
360.000
358.000
358.000
358.000
356.000
355.000
355.000
353.000
356.000
357.000
358.000
357.000
357.000
357.000
355.000
355.000
357.000
354.000
355.000
357.000
354.000
353.000
353.000
353.000
353.000
352.000
350.000
353.000
355.000
355.000
356.000
355.000
357.000
356.000
357.000
355.000
352.000
353.000
354.000
353.000
353.000
350.000
351.000
350.000
350.000
348.000
345.000
348.000
348.000
348.000
349.000
352.000
354.000
354.000
356.000
354.000
355.000
354.000
356.000
358.000
356.000
355.000
355.000
354.000
353.000
352.000
352.000
350.000
351.000
355.000
355.000
354.000
356.000
361.000
359.000
358.000
358.000
357.000
359.000
359.000
358.000
361.000
359.000
360.000
358.000
361.000
355.000
354.000
356.000
355.000
358.000
355.000
356.000
360.000
360.000
359.000
358.000
357.000
356.000
358.000
358.000
360.000
358.000
358.000
359.000
356.000
357.000
356.000
357.000
358.000
359.000
359.000
359.000
359.000
358.000
357.000
360.000
357.000
356.000
355.000
353.000
355.000
354.000
352.000
351.000
350.000
349.000
350.000
349.000
351.000
352.000
356.000
356.000
355.000
352.000
355.000
351.000
353.000
351.000
352.000
352.000
353.000
352.000
350.000
350.000
349.000
346.000
350.000
352.000
351.000
350.000
350.000
351.000
354.000
353.000
349.000
350.000
349.000
347.000
346.000
348.000
348.000
346.000
345.000
344.000
344.000
345.000
340.000
341.000
345.000
345.000
345.000
345.000
345.000
342.000
343.000
343.000
340.000
342.000
340.000
341.000
343.000
344.000
344.000
343.000
342.000
341.000
341.000
340.000
339.000
343.000
343.000
347.000
347.000
344.000
347.000
347.000
348.000
349.000
348.000
348.000
348.000
349.000
352.000
350.000
351.000
350.000
352.000
353.000
359.000
359.000
360.000
359.000
358.000
357.000
358.000
356.000
354.000
358.000
356.000
356.000
357.000
355.000
356.000
356.000
352.000
350.000
351.000
354.000
356.000
357.000
361.000
363.000
360.000
360.000
358.000
360.000
355.000
359.000
358.000
356.000
356.000
359.000
357.000
357.000
355.000
357.000
356.000
359.000
358.000
360.000
363.000
361.000
361.000
365.000
362.000
361.000
360.000
364.000
370.000
368.000
369.000
368.000
358.000
365.000
352.000
366.000
368.000
369.000
370.000
371.000
370.000
371.000
373.000
372.000
371.000
370.000
370.000
368.000
370.000
366.000
370.000
367.000
366.000
366.000
362.000
361.000
362.000
371.000
362.000
362.000
363.000
362.000
364.000
360.000
360.000
360.000
358.000
357.000
356.000
357.000
353.000
353.000
352.000
350.000
352.000
351.000
351.000
350.000
350.000
348.000
349.000
352.000
350.000
349.000
347.000
346.000
346.000
345.000
346.000
344.000
345.000
339.000
339.000
343.000
340.000
341.000
339.000
341.000
340.000
340.000
330.000
341.000
343.000
340.000
338.000
339.000
338.000
338.000
328.000
340.000
341.000
340.000
341.000
338.000
342.000
341.000
340.000
341.000
340.000
342.000
346.000
352.000
352.000
353.000
354.000
354.000
357.000
359.000
359.000
357.000
355.000
355.000
355.000
354.000
353.000
352.000
352.000
354.000
356.000
355.000
356.000
353.000
350.000
351.000
350.000
351.000
349.000
347.000
348.000
347.000
348.000
346.000
344.000
346.000
344.000
343.000
342.000
341.000
343.000
344.000
347.000
346.000
349.000
345.000
346.000
346.000
343.000
343.000
343.000
343.000
343.000
342.000
346.000
346.000
345.000
346.000
345.000
348.000
347.000
348.000
348.000
348.000
350.000
348.000
348.000
346.000
346.000
345.000
343.000
344.000
344.000
340.000
340.000
338.000
337.000
339.000
339.000
338.000
340.000
338.000
339.000
340.000
340.000
339.000
341.000
340.000
339.000
340.000
340.000
341.000
335.000
337.000
337.000
338.000
335.000
336.000
332.000
335.000
337.000
337.000
337.000
338.000
337.000
340.000
340.000
337.000
337.000
340.000
338.000
340.000
341.000
340.000
341.000
338.000
337.000
337.000
337.000
339.000
340.000
340.000
341.000
341.000
342.000
342.000
339.000
337.000
338.000
339.000
340.000
340.000
337.000
336.000
338.000
336.000
336.000
335.000
332.000
334.000
334.000
333.000
335.000
335.000
336.000
336.000
336.000
336.000
336.000
338.000
339.000
340.000
339.000
339.000
336.000
338.000
338.000
340.000
338.000
340.000
340.000
342.000
341.000
340.000
341.000
342.000
342.000
336.000
338.000
337.000
338.000
340.000
338.000
340.000
339.000
340.000
339.000
336.000
339.000
337.000
341.000
343.000
340.000
344.000
341.000
340.000
340.000
340.000
341.000
340.000
341.000
344.000
346.000
344.000
345.000
344.000
344.000
344.000
343.000
346.000
346.000
348.000
350.000
352.000
354.000
351.000
353.000
352.000
349.000
351.000
352.000
350.000
349.000
348.000
350.000
348.000
346.000
346.000
346.000
347.000
347.000
349.000
350.000
351.000
351.000
351.000
351.000
349.000
350.000
353.000
355.000
355.000
352.000
355.000
362.000
360.000
359.000
360.000
357.000
360.000
362.000
361.000
360.000
360.000
358.000
358.000
356.000
358.000
357.000
354.000
356.000
355.000
354.000
356.000
355.000
354.000
355.000
354.000
351.000
356.000
357.000
357.000
356.000
356.000
357.000
355.000
356.000
353.000
353.000
352.000
354.000
352.000
353.000
351.000
352.000
350.000
352.000
352.000
350.000
350.000
353.000
353.000
354.000
353.000
353.000
353.000
350.000
350.000
348.000
348.000
346.000
346.000
346.000
346.000
346.000
344.000
345.000
345.000
342.000
343.000
344.000
344.000
347.000
347.000
349.000
350.000
346.000
346.000
345.000
345.000
343.000
347.000
345.000
349.000
347.000
349.000
348.000
347.000
346.000
346.000
347.000
350.000
350.000
352.000
351.000
350.000
350.000
349.000
350.000
347.000
349.000
349.000
349.000
348.000
347.000
346.000
346.000
345.000
345.000
344.000
343.000
346.000
345.000
346.000
348.000
346.000
348.000
344.000
345.000
345.000
344.000
347.000
345.000
345.000
342.000
344.000
343.000
341.000
344.000
344.000
342.000
344.000
346.000
349.000
352.000
349.000
349.000
347.000
346.000
346.000
346.000
349.000
349.000
348.000
348.000
346.000
346.000
347.000
348.000
349.000
351.000
351.000
350.000
353.000
356.000
356.000
354.000
352.000
353.000
352.000
354.000
351.000
354.000
353.000
353.000
351.000
351.000
352.000
352.000
353.000
352.000
354.000
353.000
353.000
354.000
354.000
352.000
352.000
349.000
349.000
348.000
349.000
348.000
347.000
349.000
349.000
347.000
348.000
349.000
350.000
350.000
349.000
351.000
352.000
352.000
352.000
351.000
350.000
349.000
350.000
349.000
350.000
354.000
352.000
352.000
350.000
350.000
349.000
352.000
356.000
363.000
362.000
364.000
360.000
359.000
359.000
358.000
358.000
356.000
356.000
357.000
357.000
358.000
360.000
360.000
360.000
363.000
363.000
365.000
366.000
366.000
367.000
369.000
372.000
376.000
376.000
372.000
372.000
378.000
379.000
380.000
380.000
378.000
377.000
375.000
375.000
372.000
374.000
376.000
375.000
376.000
373.000
372.000
375.000
376.000
372.000
372.000
374.000
370.000
369.000
371.000
369.000
371.000
367.000
366.000
363.000
362.000
363.000
364.000
366.000
365.000
364.000
362.000
364.000
365.000
363.000
360.000
363.000
362.000
362.000
363.000
364.000
362.000
362.000
361.000
362.000
360.000
359.000
361.000
360.000
363.000
365.000
365.000
363.000
361.000
361.000
360.000
359.000
360.000
361.000
360.000
360.000
362.000
359.000
358.000
351.000
360.000
360.000
355.000
359.000
358.000
356.000
358.000
359.000
359.000
347.000
357.000
345.000
357.000
357.000
344.000
359.000
358.000
345.000
359.000
346.000
359.000
360.000
351.000
364.000
364.000
363.000
361.000
362.000
364.000
366.000
364.000
363.000
360.000
361.000
363.000
362.000
357.000
358.000
358.000
374.000
360.000
358.000
357.000
358.000
357.000
357.000
358.000
361.000
360.000
362.000
362.000
363.000
358.000
357.000
360.000
358.000
357.000
356.000
356.000
354.000
353.000
353.000
354.000
357.000
355.000
355.000
357.000
357.000
356.000
355.000
353.000
353.000
353.000
353.000
350.000
354.000
352.000
352.000
349.000
350.000
349.000
347.000
334.000
346.000
346.000
347.000
348.000
351.000
348.000
347.000
336.000
349.000
348.000
347.000
346.000
346.000
344.000
345.000
347.000
348.000
346.000
346.000
346.000
352.000
353.000
352.000
351.000
352.000
353.000
352.000
352.000
349.000
350.000
349.000
349.000
348.000
347.000
348.000
347.000
347.000
348.000
346.000
346.000
349.000
348.000
345.000
346.000
350.000
350.000
349.000
349.000
348.000
346.000
346.000
346.000
346.000
345.000
344.000
342.000
343.000
342.000
340.000
342.000
338.000
341.000
341.000
343.000
342.000
342.000
343.000
341.000
339.000
338.000
338.000
337.000
337.000
338.000
336.000
336.000
335.000
336.000
336.000
335.000
336.000
337.000
338.000
339.000
336.000
338.000
336.000
329.000
335.000
335.000
333.000
335.000
333.000
332.000
332.000
331.000
330.000
329.000
332.000
332.000
334.000
337.000
337.000
340.000
338.000
339.000
338.000
338.000
338.000
340.000
339.000
339.000
336.000
338.000
339.000
338.000
338.000
338.000
337.000
337.000
339.000
340.000
338.000
344.000
345.000
345.000
344.000
346.000
342.000
348.000
345.000
342.000
345.000
342.000
344.000
342.000
340.000
341.000
338.000
340.000
341.000
345.000
343.000
345.000
348.000
348.000
347.000
350.000
352.000
347.000
349.000
348.000
350.000
348.000
348.000
347.000
345.000
345.000
345.000
346.000
346.000
348.000
349.000
348.000
351.000
351.000
350.000
348.000
352.000
350.000
350.000
349.000
349.000
349.000
347.000
346.000
348.000
348.000
346.000
348.000
345.000
348.000
347.000
348.000
349.000
348.000
347.000
344.000
344.000
346.000
344.000
344.000
344.000
344.000
347.000
346.000
350.000
349.000
350.000
351.000
349.000
350.000
349.000
355.000
358.000
356.000
356.000
358.000
359.000
358.000
357.000
356.000
356.000
357.000
356.000
354.000
354.000
354.000
354.000
357.000
360.000
360.000
360.000
358.000
361.000
361.000
360.000
359.000
358.000
359.000
360.000
362.000
361.000
359.000
359.000
358.000
356.000
359.000
356.000
355.000
357.000
359.000
357.000
360.000
362.000
358.000
357.000
356.000
356.000
356.000
354.000
355.000
354.000
356.000
354.000
354.000
352.000
350.000
351.000
351.000
349.000
350.000
351.000
354.000
356.000
356.000
357.000
355.000
354.000
352.000
352.000
348.000
351.000
349.000
347.000
347.000
348.000
347.000
349.000
350.000
350.000
348.000
350.000
349.000
351.000
351.000
348.000
347.000
347.000
347.000
348.000
349.000
347.000
347.000
347.000
346.000
345.000
346.000
342.000
344.000
346.000
347.000
349.000
350.000
351.000
348.000
350.000
349.000
347.000
346.000
346.000
347.000
346.000
346.000
346.000
346.000
344.000
345.000
345.000
342.000
344.000
342.000
345.000
342.000
344.000
346.000
344.000
345.000
345.000
345.000
343.000
346.000
346.000
343.000
344.000
346.000
348.000
347.000
348.000
346.000
347.000
348.000
348.000
349.000
351.000
349.000
348.000
349.000
350.000
349.000
354.000
353.000
352.000
352.000
349.000
350.000
348.000
346.000
349.000
347.000
348.000
349.000
351.000
350.000
350.000
349.000
349.000
348.000
346.000
345.000
346.000
344.000
344.000
347.000
346.000
347.000
346.000
345.000
344.000
346.000
348.000
351.000
351.000
352.000
355.000
357.000
355.000
353.000
352.000
355.000
353.000
356.000
357.000
355.000
355.000
355.000
355.000
352.000
354.000
356.000
356.000
357.000
359.000
357.000
356.000
356.000
354.000
352.000
353.000
352.000
350.000
349.000
349.000
349.000
348.000
348.000
348.000
345.000
346.000
346.000
347.000
347.000
346.000
347.000
346.000
344.000
346.000
346.000
344.000
344.000
346.000
346.000
347.000
346.000
345.000
346.000
344.000
344.000
341.000
343.000
343.000
343.000
345.000
346.000
345.000
344.000
342.000
342.000
343.000
340.000
342.000
342.000
341.000
343.000
345.000
342.000
344.000
342.000
343.000
346.000
349.000
349.000
350.000
348.000
350.000
348.000
349.000
352.000
348.000
349.000
349.000
350.000
349.000
349.000
348.000
347.000
347.000
345.000
345.000
346.000
350.000
351.000
350.000
352.000
350.000
350.000
349.000
348.000
347.000
347.000
346.000
348.000
348.000
345.000
346.000
344.000
343.000
344.000
343.000
343.000
343.000
343.000
346.000
345.000
345.000
344.000
344.000
343.000
342.000
342.000
340.000
342.000
342.000
342.000
339.000
338.000
338.000
339.000
339.000
336.000
337.000
340.000
341.000
341.000
340.000
340.000
338.000
340.000
341.000
340.000
338.000
340.000
342.000
342.000
340.000
342.000
342.000
340.000
340.000
342.000
342.000
344.000
346.000
345.000
345.000
344.000
345.000
343.000
344.000
344.000
345.000
345.000
349.000
344.000
341.000
343.000
344.000
341.000
340.000
341.000
346.000
342.000
331.000
345.000
334.000
349.000
344.000
346.000
343.000
342.000
334.000
343.000
342.000
345.000
342.000
330.000
339.000
341.000
344.000
345.000
344.000
347.000
348.000
348.000
352.000
350.000
349.000
349.000
348.000
347.000
352.000
355.000
352.000
355.000
351.000
350.000
347.000
349.000
349.000
348.000
350.000
352.000
353.000
352.000
355.000
355.000
354.000
354.000
352.000
352.000
352.000
354.000
353.000
352.000
352.000
350.000
352.000
352.000
349.000
350.000
352.000
354.000
358.000
360.000
358.000
359.000
358.000
354.000
357.000
357.000
357.000
357.000
354.000
357.000
354.000
353.000
354.000
355.000
352.000
353.000
353.000
355.000
358.000
357.000
356.000
355.000
354.000
354.000
352.000
350.000
352.000
349.000
352.000
351.000
350.000
350.000
350.000
349.000
348.000
349.000
350.000
350.000
351.000
351.000
351.000
346.000
350.000
349.000
350.000
348.000
351.000
352.000
350.000
348.000
349.000
349.000
350.000
346.000
346.000
346.000
344.000
347.000
347.000
347.000
350.000
352.000
349.000
349.000
348.000
352.000
352.000
356.000
357.000
355.000
354.000
350.000
350.000
351.000
350.000
350.000
352.000
351.000
351.000
354.000
352.000
354.000
351.000
350.000
348.000
349.000
348.000
351.000
353.000
355.000
357.000
356.000
358.000
356.000
359.000
358.000
360.000
360.000
360.000
359.000
358.000
359.000
357.000
359.000
356.000
355.000
353.000
354.000
356.000
355.000
354.000
354.000
353.000
353.000
356.000
357.000
359.000
362.000
362.000
363.000
365.000
361.000
361.000
360.000
359.000
362.000
365.000
364.000
361.000
362.000
362.000
360.000
361.000
360.000
360.000
362.000
362.000
365.000
365.000
365.000
364.000
362.000
362.000
360.000
359.000
356.000
357.000
357.000
357.000
356.000
354.000
354.000
352.000
350.000
351.000
352.000
350.000
354.000
352.000
352.000
354.000
351.000
351.000
351.000
349.000
346.000
348.000
350.000
349.000
348.000
350.000
351.000
349.000
348.000
346.000
346.000
349.000
350.000
352.000
352.000
352.000
354.000
354.000
353.000
352.000
353.000
352.000
353.000
357.000
356.000
358.000
358.000
357.000
359.000
360.000
361.000
360.000
359.000
360.000
359.000
359.000
358.000
358.000
356.000
357.000
356.000
356.000
356.000
355.000
356.000
354.000
353.000
353.000
353.000
352.000
351.000
354.000
353.000
352.000
352.000
356.000
354.000
356.000
353.000
353.000
355.000
354.000
354.000
353.000
352.000
352.000
352.000
351.000
349.000
347.000
348.000
349.000
349.000
347.000
345.000
346.000
351.000
343.000
343.000
344.000
345.000
349.000
346.000
346.000
346.000
342.000
343.000
339.000
343.000
345.000
346.000
347.000
347.000
348.000
348.000
346.000
350.000
345.000
344.000
343.000
344.000
342.000
342.000
341.000
341.000
339.000
339.000
337.000
337.000
338.000
337.000
339.000
338.000
339.000
339.000
339.000
337.000
336.000
338.000
339.000
336.000
337.000
335.000
338.000
336.000
336.000
335.000
335.000
333.000
332.000
333.000
334.000
336.000
335.000
336.000
337.000
336.000
333.000
333.000
334.000
331.000
333.000
332.000
331.000
330.000
331.000
331.000
330.000
329.000
329.000
329.000
332.000
332.000
331.000
333.000
334.000
332.000
334.000
332.000
331.000
331.000
328.000
330.000
332.000
332.000
330.000
330.000
330.000
333.000
328.000
333.000
334.000
335.000
337.000
338.000
336.000
336.000
336.000
336.000
334.000
336.000
336.000
336.000
336.000
336.000
335.000
333.000
335.000
334.000
334.000
332.000
333.000
334.000
336.000
336.000
337.000
341.000
339.000
341.000
342.000
342.000
341.000
339.000
340.000
339.000
337.000
339.000
336.000
333.000
336.000
336.000
336.000
336.000
337.000
337.000
337.000
336.000
341.000
337.000
337.000
336.000
337.000
337.000
336.000
338.000
337.000
338.000
337.000
335.000
337.000
337.000
336.000
339.000
339.000
343.000
341.000
342.000
339.000
340.000
338.000
337.000
336.000
336.000
336.000
335.000
335.000
333.000
332.000
332.000
332.000
333.000
333.000
333.000
335.000
335.000
334.000
336.000
333.000
331.000
333.000
330.000
333.000
332.000
332.000
335.000
333.000
333.000
336.000
338.000
340.000
338.000
339.000
339.000
338.000
337.000
341.000
344.000
341.000
341.000
339.000
339.000
340.000
341.000
340.000
340.000
336.000
338.000
338.000
337.000
339.000
340.000
340.000
344.000
343.000
347.000
350.000
353.000
353.000
349.000
350.000
351.000
353.000
353.000
353.000
352.000
353.000
352.000
351.000
354.000
349.000
350.000
353.000
355.000
362.000
364.000
364.000
368.000
367.000
369.000
367.000
371.000
370.000
371.000
372.000
372.000
372.000
372.000
374.000
376.000
375.000
377.000
376.000
377.000
379.000
379.000
378.000
381.000
379.000
383.000
378.000
380.000
376.000
376.000
379.000
378.000
378.000
381.000
378.000
378.000
379.000
379.000
378.000
381.000
381.000
384.000
384.000
383.000
381.000
381.000
379.000
376.000
377.000
378.000
378.000
376.000
377.000
377.000
374.000
378.000
372.000
371.000
372.000
374.000
375.000
374.000
376.000
373.000
374.000
373.000
373.000
373.000
372.000
373.000
371.000
372.000
372.000
370.000
372.000
373.000
376.000
376.000
373.000
372.000
379.000
381.000
380.000
380.000
377.000
374.000
377.000
376.000
377.000
377.000
376.000
374.000
375.000
377.000
376.000
377.000
377.000
374.000
378.000
381.000
378.000
364.000
377.000
365.000
379.000
375.000
377.000
374.000
376.000
378.000
375.000
377.000
374.000
359.000
375.000
374.000
372.000
372.000
360.000
371.000
372.000
374.000
373.000
372.000
373.000
371.000
388.000
370.000
372.000
375.000
373.000
375.000
375.000
375.000
373.000
373.000
375.000
375.000
376.000
377.000
376.000
376.000
377.000
378.000
380.000
374.000
378.000
376.000
379.000
381.000
380.000
382.000
379.000
380.000
378.000
378.000
378.000
376.000
379.000
378.000
380.000
377.000
379.000
381.000
377.000
377.000
377.000
376.000
374.000
362.000
374.000
376.000
377.000
376.000
375.000
375.000
374.000
376.000
378.000
379.000
383.000
368.000
384.000
382.000
384.000
384.000
384.000
384.000
386.000
389.000
390.000
391.000
390.000
390.000
389.000
390.000
389.000
390.000
392.000
396.000
395.000
396.000
397.000
397.000
398.000
397.000
397.000
397.000
396.000
394.000
398.000
398.000
398.000
396.000
398.000
397.000
398.000
396.000
400.000
402.000
404.000
405.000
409.000
404.000
405.000
402.000
402.000
407.000
404.000
402.000
405.000
403.000
404.000
405.000
403.000
404.000
403.000
407.000
408.000
409.000
411.000
409.000
412.000
413.000
410.000
409.000
410.000
410.000
408.000
406.000
409.000
410.000
408.000
408.000
408.000
405.000
406.000
410.000
410.000
413.000
412.000
413.000
412.000
409.000
410.000
412.000
412.000
410.000
409.000
411.000
412.000
410.000
409.000
409.000
410.000
410.000
412.000
412.000
413.000
417.000
416.000
418.000
417.000
420.000
418.000
419.000
418.000
419.000
424.000
420.000
420.000
418.000
419.000
416.000
417.000
420.000
418.000
418.000
421.000
423.000
423.000
425.000
426.000
429.000
428.000
429.000
430.000
428.000
430.000
429.000
429.000
432.000
431.000
431.000
429.000
431.000
429.000
432.000
433.000
437.000
438.000
438.000
441.000
440.000
441.000
442.000
441.000
440.000
441.000
439.000
441.000
441.000
442.000
440.000
439.000
442.000
444.000
446.000
448.000
447.000
449.000
449.000
448.000
449.000
450.000
449.000
449.000
449.000
447.000
456.000
449.000
450.000
450.000
449.000
448.000
447.000
450.000
452.000
453.000
455.000
455.000
454.000
454.000
457.000
455.000
454.000
454.000
454.000
454.000
453.000
453.000
453.000
455.000
452.000
452.000
450.000
451.000
450.000
453.000
454.000
456.000
454.000
456.000
455.000
456.000
456.000
458.000
457.000
457.000
457.000
456.000
454.000
457.000
456.000
456.000
455.000
455.000
456.000
459.000
459.000
459.000
462.000
463.000
464.000
461.000
460.000
461.000
463.000
461.000
461.000
460.000
460.000
458.000
458.000
458.000
458.000
458.000
460.000
461.000
462.000
464.000
469.000
464.000
462.000
463.000
461.000
459.000
459.000
458.000
459.000
458.000
458.000
459.000
457.000
458.000
456.000
456.000
454.000
459.000
458.000
460.000
461.000
460.000
460.000
460.000
460.000
460.000
459.000
459.000
458.000
457.000
458.000
458.000
456.000
456.000
457.000
455.000
458.000
460.000
460.000
462.000
461.000
461.000
464.000
463.000
461.000
462.000
463.000
463.000
460.000
460.000
461.000
461.000
461.000
461.000
459.000
462.000
464.000
467.000
465.000
468.000
467.000
467.000
467.000
467.000
464.000
465.000
467.000
466.000
466.000
466.000
467.000
464.000
465.000
462.000
466.000
464.000
466.000
467.000
468.000
469.000
471.000
469.000
468.000
469.000
467.000
466.000
468.000
468.000
467.000
465.000
466.000
466.000
465.000
465.000
465.000
464.000
464.000
466.000
465.000
468.000
468.000
468.000
468.000
466.000
465.000
464.000
463.000
462.000
460.000
460.000
461.000
459.000
458.000
458.000
457.000
456.000
458.000
459.000
458.000
459.000
461.000
462.000
461.000
460.000
461.000
461.000
461.000
463.000
462.000
462.000
461.000
460.000
460.000
443.000
457.000
458.000
460.000
460.000
458.000
459.000
462.000
463.000
463.000
463.000
461.000
463.000
463.000
462.000
459.000
461.000
462.000
461.000
460.000
460.000
458.000
461.000
461.000
460.000
461.000
464.000
461.000
465.000
467.000
465.000
464.000
465.000
464.000
466.000
466.000
467.000
464.000
465.000
461.000
463.000
462.000
463.000
464.000
466.000
466.000
466.000
467.000
466.000
466.000
466.000
464.000
464.000
464.000
465.000
463.000
464.000
462.000
462.000
460.000
459.000
460.000
460.000
464.000
463.000
465.000
464.000
464.000
461.000
461.000
458.000
458.000
457.000
458.000
458.000
458.000
456.000
457.000
459.000
460.000
456.000
459.000
460.000
460.000
458.000
461.000
458.000
460.000
459.000
457.000
456.000
453.000
458.000
454.000
452.000
454.000
452.000
453.000
451.000
451.000
450.000
448.000
451.000
453.000
454.000
457.000
453.000
454.000
453.000
453.000
452.000
452.000
451.000
450.000
451.000
449.000
448.000
448.000
446.000
444.000
443.000
443.000
445.000
443.000
442.000
444.000
446.000
446.000
450.000
453.000
447.000
447.000
445.000
446.000
445.000
442.000
443.000
444.000
440.000
440.000
434.000
439.000
439.000
436.000
425.000
438.000
434.000
438.000
438.000
437.000
435.000
437.000
419.000
430.000
430.000
429.000
425.000
427.000
427.000
424.000
424.000
425.000
426.000
428.000
414.000
428.000
426.000
427.000
424.000
438.000
423.000
420.000
423.000
423.000
421.000
420.000
420.000
422.000
424.000
420.000
419.000
421.000
420.000
421.000
429.000
428.000
432.000
432.000
431.000
430.000
430.000
429.000
428.000
428.000
426.000
428.000
427.000
426.000
426.000
423.000
423.000
425.000
423.000
423.000
420.000
424.000
425.000
427.000
426.000
423.000
423.000
421.000
422.000
422.000
421.000
421.000
419.000
421.000
420.000
419.000
418.000
419.000
419.000
421.000
424.000
426.000
426.000
427.000
428.000
428.000
427.000
427.000
427.000
427.000
427.000
428.000
428.000
430.000
428.000
426.000
427.000
429.000
427.000
428.000
426.000
429.000
431.000
430.000
433.000
434.000
434.000
434.000
431.000
431.000
433.000
431.000
431.000
430.000
429.000
428.000
429.000
428.000
427.000
430.000
431.000
432.000
431.000
432.000
436.000
434.000
433.000
432.000
435.000
432.000
430.000
433.000
433.000
433.000
434.000
434.000
435.000
433.000
433.000
433.000
432.000
435.000
440.000
441.000
441.000
442.000
439.000
440.000
436.000
436.000
436.000
435.000
434.000
436.000
435.000
433.000
432.000
434.000
436.000
438.000
436.000
434.000
434.000
433.000
433.000
432.000
430.000
430.000
427.000
426.000
426.000
426.000
427.000
423.000
421.000
420.000
419.000
418.000
415.000
416.000
416.000
416.000
416.000
413.000
413.000
414.000
417.000
411.000
411.000
412.000
410.000
409.000
408.000
406.000
407.000
405.000
404.000
403.000
405.000
405.000
406.000
405.000
407.000
404.000
406.000
404.000
401.000
400.000
400.000
400.000
398.000
398.000
396.000
396.000
394.000
394.000
392.000
389.000
391.000
388.000
392.000
394.000
392.000
394.000
392.000
394.000
391.000
390.000
390.000
390.000
389.000
387.000
386.000
384.000
384.000
382.000
383.000
382.000
381.000
380.000
380.000
382.000
381.000
380.000
379.000
381.000
378.000
378.000
378.000
378.000
380.000
375.000
376.000
375.000
374.000
373.000
369.000
371.000
370.000
369.000
368.000
370.000
371.000
372.000
373.000
371.000
369.000
370.000
371.000
370.000
369.000
369.000
369.000
367.000
366.000
366.000
363.000
363.000
364.000
364.000
368.000
365.000
368.000
370.000
369.000
366.000
369.000
366.000
367.000
366.000
365.000
364.000
365.000
364.000
363.000
362.000
363.000
360.000
362.000
360.000
361.000
359.000
360.000
358.000
359.000
360.000
356.000
355.000
355.000
354.000
354.000
353.000
354.000
355.000
354.000
355.000
355.000
356.000
356.000
355.000
356.000
356.000
357.000
359.000
362.000
362.000
359.000
360.000
363.000
361.000
361.000
360.000
357.000
360.000
360.000
358.000
357.000
357.000
358.000
361.000
358.000
361.000
359.000
359.000
361.000
360.000
359.000
357.000
358.000
356.000
356.000
356.000
354.000
354.000
356.000
355.000
354.000
354.000
355.000
357.000
355.000
359.000
358.000
358.000
358.000
362.000
362.000
361.000
359.000
363.000
360.000
360.000
359.000
357.000
359.000
359.000
356.000
356.000
357.000
356.000
360.000
360.000
358.000
362.000
359.000
360.000
360.000
359.000
359.000
358.000
357.000
358.000
357.000
358.000
357.000
355.000
353.000
355.000
355.000
354.000
356.000
356.000
354.000
353.000
355.000
355.000
356.000
354.000
356.000
355.000
357.000
357.000
357.000
355.000
355.000
353.000
353.000
357.000
355.000
358.000
358.000
357.000
361.000
360.000
360.000
359.000
358.000
357.000
357.000
359.000
360.000
359.000
361.000
360.000
358.000
359.000
357.000
358.000
363.000
363.000
363.000
363.000
363.000
364.000
366.000
364.000
364.000
361.000
361.000
359.000
361.000
360.000
359.000
358.000
358.000
354.000
354.000
352.000
351.000
353.000
352.000
352.000
353.000
355.000
354.000
357.000
356.000
359.000
360.000
356.000
360.000
358.000
359.000
358.000
358.000
357.000
356.000
356.000
358.000
359.000
362.000
361.000
359.000
361.000
362.000
361.000
371.000
362.000
359.000
359.000
359.000
358.000
355.000
360.000
363.000
363.000
356.000
362.000
361.000
351.000
368.000
354.000
355.000
367.000
367.000
365.000
352.000
365.000
364.000
353.000
361.000
360.000
358.000
357.000
354.000
357.000
355.000
356.000
359.000
359.000
358.000
360.000
363.000
360.000
361.000
360.000
358.000
360.000
356.000
357.000
356.000
356.000
356.000
358.000
360.000
358.000
356.000
355.000
355.000
359.000
357.000
355.000
358.000
360.000
360.000
360.000
357.000
356.000
354.000
354.000
353.000
353.000
353.000
354.000
355.000
352.000
352.000
352.000
353.000
353.000
351.000
352.000
352.000
352.000
351.000
352.000
353.000
352.000
352.000
356.000
358.000
359.000
355.000
355.000
354.000
353.000
353.000
354.000
354.000
356.000
358.000
355.000
356.000
357.000
358.000
358.000
357.000
358.000
358.000
355.000
354.000
354.000
353.000
354.000
354.000
352.000
349.000
348.000
350.000
351.000
355.000
350.000
348.000
348.000
348.000
348.000
348.000
349.000
344.000
347.000
345.000
345.000
346.000
344.000
346.000
342.000
347.000
351.000
349.000
349.000
352.000
354.000
352.000
354.000
354.000
354.000
354.000
352.000
354.000
354.000
351.000
352.000
356.000
355.000
354.000
354.000
355.000
354.000
355.000
352.000
354.000
355.000
356.000
356.000
355.000
357.000
357.000
355.000
358.000
360.000
358.000
360.000
357.000
356.000
353.000
355.000
354.000
353.000
353.000
352.000
351.000
353.000
352.000
352.000
355.000
356.000
358.000
354.000
355.000
355.000
352.000
353.000
354.000
352.000
354.000
351.000
352.000
354.000
357.000
357.000
358.000
357.000
358.000
358.000
359.000
359.000
356.000
354.000
355.000
354.000
355.000
356.000
355.000
356.000
356.000
360.000
360.000
360.000
361.000
363.000
366.000
366.000
368.000
372.000
371.000
372.000
370.000
373.000
369.000
368.000
368.000
367.000
367.000
366.000
366.000
364.000
365.000
363.000
364.000
364.000
366.000
364.000
365.000
364.000
364.000
365.000
362.000
363.000
361.000
359.000
362.000
362.000
361.000
361.000
360.000
359.000
360.000
357.000
357.000
359.000
359.000
361.000
363.000
363.000
364.000
363.000
362.000
360.000
361.000
360.000
358.000
358.000
359.000
357.000
357.000
359.000
360.000
360.000
361.000
361.000
361.000
361.000
360.000
360.000
360.000
359.000
359.000
358.000
357.000
357.000
357.000
355.000
356.000
355.000
356.000
356.000
351.000
350.000
352.000
354.000
356.000
357.000
358.000
358.000
358.000
359.000
360.000
355.000
358.000
359.000
359.000
359.000
358.000
357.000
359.000
358.000
356.000
359.000
360.000
360.000
359.000
358.000
360.000
360.000
362.000
362.000
360.000
358.000
357.000
359.000
358.000
357.000
356.000
358.000
359.000
357.000
357.000
355.000
355.000
355.000
354.000
356.000
357.000
357.000
358.000
360.000
358.000
357.000
360.000
361.000
361.000
361.000
363.000
363.000
363.000
363.000
365.000
368.000
366.000
363.000
366.000
369.000
367.000
368.000
370.000
370.000
369.000
366.000
366.000
366.000
365.000
366.000
364.000
364.000
366.000
364.000
361.000
359.000
360.000
362.000
363.000
363.000
365.000
366.000
367.000
368.000
365.000
364.000
362.000
363.000
362.000
363.000
363.000
364.000
370.000
370.000
369.000
369.000
370.000
369.000
373.000
375.000
376.000
376.000
375.000
375.000
373.000
373.000
372.000
370.000
368.000
370.000
368.000
370.000
369.000
367.000
367.000
367.000
366.000
364.000
365.000
365.000
367.000
367.000
366.000
365.000
363.000
364.000
365.000
364.000
363.000
364.000
362.000
363.000
360.000
360.000
360.000
360.000
359.000
361.000
362.000
364.000
368.000
366.000
364.000
366.000
362.000
362.000
366.000
368.000
367.000
365.000
369.000
365.000
360.000
360.000
360.000
359.000
359.000
361.000
357.000
362.000
360.000
363.000
363.000
364.000
364.000
361.000
361.000
361.000
360.000
360.000
360.000
359.000
358.000
356.000
353.000
354.000
355.000
355.000
356.000
358.000
358.000
360.000
362.000
361.000
359.000
361.000
361.000
361.000
360.000
358.000
360.000
358.000
360.000
358.000
363.000
361.000
363.000
365.000
370.000
365.000
364.000
365.000
365.000
367.000
366.000
365.000
365.000
363.000
359.000
363.000
365.000
354.000
366.000
366.000
368.000
369.000
356.000
364.000
358.000
366.000
368.000
370.000
367.000
368.000
365.000
365.000
362.000
363.000
363.000
362.000
359.000
362.000
361.000
358.000
359.000
356.000
359.000
359.000
358.000
360.000
360.000
361.000
362.000
362.000
360.000
361.000
360.000
360.000
361.000
362.000
358.000
359.000
358.000
359.000
357.000
355.000
355.000
355.000
354.000
357.000
359.000
362.000
363.000
363.000
365.000
365.000
364.000
362.000
361.000
362.000
361.000
360.000
360.000
359.000
359.000
359.000
359.000
360.000
362.000
362.000
358.000
362.000
358.000
361.000
357.000
356.000
358.000
356.000
355.000
354.000
356.000
354.000
355.000
354.000
353.000
357.000
353.000
355.000
358.000
363.000
363.000
366.000
366.000
365.000
365.000
365.000
367.000
364.000
366.000
365.000
362.000
363.000
363.000
364.000
364.000
365.000
368.000
371.000
371.000
372.000
372.000
370.000
370.000
370.000
370.000
368.000
370.000
368.000
370.000
369.000
367.000
368.000
367.000
368.000
366.000
368.000
368.000
368.000
372.000
372.000
374.000
374.000
374.000
373.000
373.000
372.000
371.000
371.000
368.000
373.000
372.000
372.000
370.000
370.000
371.000
368.000
371.000
373.000
373.000
373.000
372.000
373.000
373.000
370.000
370.000
368.000
368.000
366.000
368.000
368.000
367.000
367.000
369.000
366.000
368.000
368.000
367.000
369.000
369.000
372.000
371.000
372.000
372.000
372.000
372.000
372.000
374.000
372.000
372.000
373.000
373.000
372.000
373.000
369.000
371.000
372.000
372.000
373.000
377.000
376.000
379.000
379.000
380.000
382.000
382.000
382.000
382.000
384.000
382.000
384.000
383.000
383.000
385.000
384.000
383.000
381.000
381.000
384.000
382.000
384.000
384.000
383.000
381.000
382.000
380.000
379.000
376.000
379.000
378.000
379.000
378.000
376.000
377.000
377.000
374.000
375.000
373.000
375.000
376.000
379.000
380.000
380.000
381.000
380.000
378.000
376.000
376.000
378.000
375.000
374.000
373.000
372.000
377.000
369.000
371.000
367.000
371.000
373.000
374.000
374.000
373.000
373.000
372.000
373.000
371.000
369.000
368.000
369.000
369.000
370.000
368.000
367.000
369.000
364.000
365.000
363.000
364.000
364.000
366.000
367.000
365.000
367.000
366.000
363.000
360.000
360.000
358.000
359.000
359.000
357.000
358.000
358.000
359.000
357.000
356.000
353.000
356.000
358.000
360.000
362.000
361.000
362.000
362.000
361.000
362.000
359.000
359.000
358.000
361.000
358.000
359.000
359.000
357.000
356.000
354.000
355.000
354.000
357.000
357.000
357.000
356.000
356.000
357.000
354.000
354.000
354.000
351.000
350.000
350.000
349.000
348.000
349.000
351.000
350.000
352.000
353.000
353.000
353.000
355.000
353.000
353.000
356.000
355.000
355.000
355.000
353.000
352.000
353.000
351.000
352.000
353.000
351.000
350.000
349.000
351.000
353.000
353.000
352.000
352.000
353.000
352.000
352.000
352.000
351.000
348.000
348.000
347.000
347.000
345.000
347.000
346.000
345.000
345.000
344.000
345.000
343.000
343.000
342.000
344.000
347.000
349.000
349.000
348.000
347.000
346.000
347.000
346.000
346.000
345.000
345.000
348.000
347.000
345.000
343.000
344.000
348.000
344.000
346.000
347.000
348.000
346.000
346.000
349.000
348.000
348.000
347.000
348.000
348.000
348.000
352.000
351.000
350.000
347.000
348.000
348.000
345.000
347.000
346.000
348.000
351.000
352.000
349.000
349.000
350.000
348.000
346.000
347.000
349.000
346.000
346.000
350.000
352.000
349.000
347.000
347.000
347.000
345.000
345.000
348.000
348.000
348.000
347.000
347.000
345.000
346.000
344.000
346.000
344.000
343.000
341.000
342.000
340.000
341.000
341.000
343.000
343.000
341.000
343.000
344.000
345.000
346.000
346.000
344.000
345.000
341.000
343.000
342.000
341.000
341.000
343.000
342.000
339.000
341.000
338.000
340.000
336.000
337.000
336.000
339.000
339.000
343.000
342.000
341.000
340.000
342.000
340.000
340.000
339.000
338.000
340.000
341.000
340.000
340.000
342.000
342.000
342.000
334.000
344.000
344.000
355.000
347.000
347.000
347.000
347.000
345.000
344.000
334.000
344.000
346.000
334.000
344.000
343.000
346.000
342.000
347.000
348.000
348.000
350.000
352.000
341.000
352.000
352.000
352.000
353.000
349.000
349.000
352.000
345.000
348.000
333.000
348.000
348.000
330.000
346.000
346.000
344.000
344.000
345.000
343.000
346.000
348.000
348.000
348.000
347.000
346.000
346.000
344.000
345.000
345.000
344.000
344.000
344.000
343.000
339.000
339.000
340.000
339.000
341.000
341.000
342.000
343.000
343.000
343.000
342.000
342.000
341.000
341.000
342.000
342.000
344.000
341.000
340.000
338.000
338.000
341.000
337.000
338.000
338.000
339.000
338.000
339.000
337.000
338.000
340.000
339.000
340.000
338.000
339.000
339.000
340.000
341.000
340.000
342.000
340.000
340.000
339.000
338.000
344.000
345.000
346.000
351.000
350.000
348.000
348.000
348.000
350.000
348.000
348.000
350.000
352.000
353.000
350.000
349.000
350.000
350.000
348.000
346.000
347.000
349.000
350.000
352.000
352.000
353.000
350.000
351.000
352.000
350.000
350.000
349.000
349.000
346.000
347.000
350.000
348.000
347.000
347.000
346.000
350.000
352.000
351.000
350.000
350.000
348.000
350.000
351.000
349.000
350.000
352.000
349.000
351.000
350.000
352.000
353.000
352.000
354.000
353.000
353.000
352.000
354.000
355.000
355.000
359.000
358.000
359.000
357.000
355.000
355.000
357.000
353.000
355.000
355.000
353.000
351.000
350.000
347.000
349.000
349.000
349.000
349.000
349.000
352.000
352.000
351.000
352.000
350.000
347.000
347.000
349.000
352.000
353.000
350.000
352.000
349.000
347.000
350.000
351.000
349.000
350.000
354.000
355.000
357.000
359.000
359.000
360.000
357.000
356.000
356.000
356.000
354.000
353.000
352.000
354.000
354.000
352.000
354.000
351.000
354.000
354.000
354.000
356.000
355.000
356.000
354.000
354.000
353.000
352.000
352.000
352.000
352.000
352.000
354.000
352.000
352.000
352.000
351.000
348.000
349.000
351.000
352.000
353.000
352.000
352.000
352.000
350.000
352.000
348.000
345.000
348.000
348.000
349.000
347.000
346.000
345.000
344.000
344.000
341.000
341.000
341.000
341.000
341.000
344.000
347.000
345.000
346.000
343.000
343.000
343.000
345.000
345.000
346.000
345.000
342.000
344.000
342.000
341.000
340.000
341.000
342.000
344.000
348.000
348.000
348.000
346.000
346.000
344.000
342.000
344.000
343.000
343.000
342.000
344.000
345.000
344.000
343.000
342.000
342.000
341.000
344.000
343.000
344.000
346.000
346.000
346.000
346.000
344.000
346.000
344.000
346.000
345.000
343.000
341.000
342.000
341.000
339.000
341.000
341.000
339.000
343.000
344.000
346.000
346.000
345.000
345.000
344.000
342.000
342.000
340.000
340.000
340.000
341.000
340.000
343.000
340.000
342.000
342.000
342.000
341.000
343.000
343.000
346.000
346.000
348.000
348.000
347.000
348.000
347.000
346.000
348.000
349.000
348.000
348.000
346.000
346.000
346.000
344.000
346.000
348.000
349.000
349.000
348.000
347.000
346.000
347.000
347.000
344.000
346.000
347.000
346.000
348.000
349.000
349.000
345.000
344.000
345.000
344.000
346.000
346.000
344.000
344.000
345.000
348.000
349.000
349.000
348.000
347.000
348.000
347.000
348.000
347.000
348.000
348.000
348.000
346.000
345.000
346.000
345.000
344.000
347.000
348.000
350.000
352.000
352.000
353.000
352.000
347.000
348.000
347.000
347.000
346.000
345.000
348.000
347.000
345.000
347.000
346.000
344.000
345.000
346.000
348.000
346.000
348.000
345.000
348.000
347.000
348.000
346.000
346.000
346.000
346.000
346.000
344.000
345.000
345.000
342.000
342.000
344.000
342.000
342.000
341.000
344.000
343.000
343.000
343.000
343.000
342.000
341.000
342.000
341.000
341.000
338.000
341.000
342.000
340.000
338.000
338.000
339.000
338.000
338.000
340.000
341.000
342.000
343.000
344.000
343.000
341.000
341.000
341.000
340.000
340.000
341.000
339.000
340.000
340.000
340.000
339.000
341.000
343.000
342.000
344.000
345.000
340.000
342.000
344.
